[gd_scene load_steps=4 format=3 uid="uid://kr543u1coh4x"]

[ext_resource type="Script" path="res://Scripts/Combat/CombatRunner.cs" id="1_1idx4"]
[ext_resource type="MeshLibrary" uid="uid://dbfobj1dhfo6i" path="res://Resources/primitive_mesh_library.tres" id="1_ntmyy"]

[sub_resource type="LabelSettings" id="LabelSettings_8v4k0"]
font_size = 30

[node name="CombatRunner" type="Node3D" node_paths=PackedStringArray("PartyZones", "EnemyZones")]
script = ExtResource("1_1idx4")
PartyZones = []
EnemyZones = []

[node name="CombatMenu" type="Control" parent="."]
layout_mode = 3
anchors_preset = 15
anchor_right = 1.0
anchor_bottom = 1.0
grow_horizontal = 2
grow_vertical = 2

[node name="HSplitContainer" type="HSplitContainer" parent="CombatMenu"]
layout_mode = 1
anchors_preset = 2
anchor_top = 1.0
anchor_bottom = 1.0
offset_left = 23.0
offset_top = -204.0
offset_right = 1258.0
offset_bottom = -30.0
grow_vertical = 0
split_offset = -198

[node name="Panel" type="Panel" parent="CombatMenu/HSplitContainer"]
layout_mode = 2
size_flags_horizontal = 3

[node name="Label" type="Label" parent="CombatMenu/HSplitContainer/Panel"]
layout_mode = 1
offset_left = 70.0
offset_top = 25.0
offset_right = 163.0
offset_bottom = 67.0
text = "Attack"
label_settings = SubResource("LabelSettings_8v4k0")

[node name="Label2" type="Label" parent="CombatMenu/HSplitContainer/Panel"]
layout_mode = 1
anchors_preset = 1
anchor_left = 1.0
anchor_right = 1.0
offset_left = -163.0
offset_top = 25.0
offset_right = -70.0
offset_bottom = 67.0
grow_horizontal = 0
text = "Ability"
label_settings = SubResource("LabelSettings_8v4k0")

[node name="Label3" type="Label" parent="CombatMenu/HSplitContainer/Panel"]
layout_mode = 1
anchors_preset = 3
anchor_left = 1.0
anchor_top = 1.0
anchor_right = 1.0
anchor_bottom = 1.0
offset_left = -163.0
offset_top = -67.0
offset_right = -63.0
offset_bottom = -25.0
grow_horizontal = 0
grow_vertical = 0
text = "Escape"
label_settings = SubResource("LabelSettings_8v4k0")

[node name="Label4" type="Label" parent="CombatMenu/HSplitContainer/Panel"]
layout_mode = 1
anchors_preset = 2
anchor_top = 1.0
anchor_bottom = 1.0
offset_left = 70.0
offset_top = -67.0
offset_right = 163.0
offset_bottom = -25.0
grow_vertical = 0
text = "Item"
label_settings = SubResource("LabelSettings_8v4k0")

[node name="Panel2" type="Panel" parent="CombatMenu/HSplitContainer"]
layout_mode = 2
size_flags_horizontal = 3

[node name="DirectionalLight3D" type="DirectionalLight3D" parent="."]
transform = Transform3D(-3.09086e-08, -0.707107, 0.707107, -3.09086e-08, 0.707107, 0.707107, -1, 0, -4.37114e-08, 4, 5, 0)

[node name="Camera3D" type="Camera3D" parent="."]
transform = Transform3D(0.965926, -0.12941, 0.224144, 0, 0.866025, 0.5, -0.258819, -0.482963, 0.836516, 4, 6, -7)
current = true

[node name="EnvTerrain" type="Node3D" parent="."]

[node name="GridMap" type="GridMap" parent="EnvTerrain"]
mesh_library = ExtResource("1_ntmyy")
cell_center_x = false
cell_center_y = false
cell_center_z = false
data = {
"cells": PackedInt32Array(1, 65535, 3, 1, 65534, 3, 1, 65533, 3, 1, 65532, 3, 1, 65531, 3, 1, 65530, 3, 1, 65529, 3, 1, 65528, 3, 1, 65527, 3, 1, 65526, 3, 1, 65525, 3, 1, 65523, 3, 1, 65522, 3, 0, 65522, 3, 0, 65521, 3, 1, 65521, 3, 65534, 65521, 3, 65533, 65521, 3, 65532, 65521, 3, 65532, 65522, 3, 65532, 65523, 3, 65533, 65523, 3, 65533, 65524, 3, 65532, 65524, 3, 65532, 65525, 3, 65532, 65526, 3, 65532, 65527, 3, 65532, 65528, 3, 65532, 65529, 3, 65532, 65530, 3, 65532, 65531, 3, 65532, 65532, 3, 65532, 65533, 3, 65532, 65534, 3, 65532, 65535, 3, 65533, 65535, 3, 65534, 65535, 3, 65535, 65535, 3, 65535, 65534, 3, 65534, 65534, 3, 65534, 65533, 3, 65534, 65532, 3, 65534, 65531, 3, 65534, 65530, 3, 65534, 65529, 3, 65534, 65528, 3, 65534, 65527, 3, 65534, 65526, 3, 65534, 65525, 3, 65534, 65524, 3, 65534, 65523, 3, 65534, 65522, 3, 65535, 65522, 3, 0, 65523, 3, 0, 65524, 3, 0, 65525, 3, 65535, 65525, 3, 65535, 65526, 3, 0, 65526, 3, 0, 65527, 3, 0, 65528, 3, 0, 65529, 3, 0, 65530, 3, 0, 65531, 3, 0, 65532, 3, 0, 65533, 3, 2, 65534, 3, 3, 65534, 3, 2, 65535, 3, 3, 65535, 3, 3, 65532, 3, 2, 65531, 3, 2, 65530, 3, 2, 65529, 3, 2, 65528, 3, 3, 65528, 3, 3, 65527, 3, 3, 65526, 3, 3, 65523, 3, 3, 65522, 3, 2, 65522, 3, 2, 65521, 3, 3, 65521, 3, 4, 65521, 3, 4, 65522, 3, 2, 65523, 3, 1, 65524, 3, 2, 65524, 3, 2, 65525, 3, 3, 65525, 3, 4, 65535, 3, 4, 65534, 3, 4, 65532, 3, 4, 65530, 3, 4, 65523, 3, 4, 65524, 3, 4, 65525, 3, 4, 65526, 3, 4, 65527, 3, 4, 65528, 3, 3, 65529, 3)
}

[node name="PartyZones" type="Node3D" parent="."]
transform = Transform3D(1, 0, 0, 0, 1, 0, 0, 0, 1, 3, 1, -11)

[node name="PartyMember1" type="Node3D" parent="PartyZones"]

[node name="PartyMember2" type="Node3D" parent="PartyZones"]
transform = Transform3D(0.991445, 0, -0.130526, 0, 1, 0, 0.130526, 0, 0.991445, -2.5, 0, 0)

[node name="PartyMember3" type="Node3D" parent="PartyZones"]
transform = Transform3D(0.987688, 0, 0.156434, 0, 1, 0, -0.156434, 0, 0.987688, 2.5, 0, -0.5)

[node name="PartyMember4" type="Node3D" parent="PartyZones"]
transform = Transform3D(0.819152, 0, -0.573576, 0, 1, 0, 0.573576, 0, 0.819152, -5, 0, -1)

[node name="EnemyZones" type="Node3D" parent="."]
transform = Transform3D(1, 0, 0, 0, 1, 0, 0, 0, 1, 2, 1, -18)

[node name="Enemy1" type="Node3D" parent="EnemyZones"]

[node name="Enemy2" type="Node3D" parent="EnemyZones"]
transform = Transform3D(0.991445, 0, -0.130526, 0, 1, 0, 0.130526, 0, 0.991445, 2.5, 0, -1.5)

[node name="Enemy3" type="Node3D" parent="EnemyZones"]
transform = Transform3D(0.991445, 0, 0.130526, 0, 1, 0, -0.130526, 0, 0.991445, -2.5, 0, -1.5)

[node name="Enemy4" type="Node3D" parent="EnemyZones"]
transform = Transform3D(0.939693, 0, -0.34202, 0, 1, 0, 0.34202, 0, 0.939693, 5, 0, -0.5)

[node name="Enemy5" type="Node3D" parent="EnemyZones"]
transform = Transform3D(0.939693, 0, 0.34202, 0, 1, 0, -0.34202, 0, 0.939693, -5, 0, -0.5)
